
100		0.00020
0.00467  0.04294              
0.00445  0.04507              
0.00898  0.02232              
0.01979  0.01013              
0.04965  0.00404              
1000		0.01728
0.04528  0.38168              
0.04147  0.41676              
0.04308  0.40115              
0.05029  0.34365              
0.08452  0.20449              
10000		1.51784
1.91657  0.79196              
1.12513  1.34903              
0.93861  1.61712              
1.01008  1.50270              
1.11149  1.36559              
100		0.00015
0.01111  0.01384              
0.00340  0.04522              
0.00718  0.02142              
0.01413  0.01088              
0.02637  0.00583              
1000		0.01475
0.02184  0.67551              
0.02033  0.72543              
0.03220  0.45809              
0.03624  0.40703              
0.06059  0.24344              
10000		1.14810
1.26533  0.90735              
1.13505  1.01150              
0.92489  1.24134              
0.94049  1.22074              
1.06984  1.07315              
100		0.00015
0.00862  0.01759              
0.00380  0.03995              
0.00702  0.02161              
0.01362  0.01114              
0.02923  0.00519              
1000		0.01667
0.02550  0.65382              
0.01683  0.99082              
0.02342  0.71199              
0.04555  0.36603              
0.12555  0.13279              
10000		1.40197
100		0.00020
0.00188  0.10674              
0.00554  0.03622              
0.02169  0.00924              
0.03235  0.00620              
0.03772  0.00531              
1000		0.01863
0.04872  0.38241              
0.02708  0.68812              
0.03908  0.47679              
0.08900  0.20934              
0.10380  0.17950              
10000		1.52514
1.74227  0.87537              
1.16730  1.30655              
0.91942  1.65881              
0.95844  1.59127              
1.10487  1.38038              
100		0.00016
0.01116  0.01451              
0.00465  0.03479              
0.01084  0.01493              
0.01435  0.01128              
0.02777  0.00583              
1000		0.01465
0.02415  0.60662              
0.01642  0.89188              
0.02336  0.62710              
0.05364  0.27308              
0.06830  0.21447              
10000		1.15182
1.26779  0.90853              
1.12899  1.02022              
0.89587  1.28570              
0.89810  1.28251              
1.07002  1.07645              
100		0.00018
0.01380  0.01291              
0.00371  0.04800              
0.00845  0.02109              
0.01599  0.01114              
0.04310  0.00413              
1000		0.01507
0.02860  0.52688              
0.01775  0.84899              
0.02305  0.65354              
0.04179  0.36051              
0.08190  0.18397              
10000		1.14262
1.26446  0.90364              
1.12471  1.01592              
0.88716  1.28794
100		0.00020
0.00299  0.06543              
0.01318  0.01484              
0.01527  0.01281              
0.02645  0.00740              
0.07089  0.00276              
1000		0.01711
0.07154  0.23917              
0.02163  0.79100              
0.02516  0.67997              
0.06896  0.24809              
0.08993  0.19026              
10000		1.68868
1.31907  1.28020              
1.08304  1.55920              
0.91120  1.85324              
0.95403  1.77005              
1.12991  1.49453              
100		0.00017
0.01304  0.01288              
0.00500  0.03359              
0.00662  0.02537              
0.01478  0.01137              
0.02938  0.00572              
1000		0.01435
0.02450  0.58560              
0.01996  0.71876              
0.04007  0.35805              
0.03575  0.40134              
0.06240  0.22993              
10000		1.10719
1.27929  0.86548              
1.09267  1.01329              
1.06788  1.03681              
0.94949  1.16609              
1.56467  0.70762              
100		0.00017
0.00872  0.01912              
0.00446  0.03737              
0.00708  0.02354              
0.01453  0.01147              
0.02933  0.00568              
1000		0.01406
0.02875  0.48909              
0.02207  0.63707              
0.03872  0.36318              
0.04604  0.30543              
0.06834  0.20576              
10000		1.21738
1.27075  0.95800              
1.14557  1.06268              
0.89012  1.36766              
0.91038  1.33722              
1.09277  1.11403              
100		0.00017
0.01375  0.01261              
0.02312  0.59629              
1.02698  1.07576              
0.00923  0.01695              
0.00374  0.04186              
0.00648  0.02416              
0.01353  0.01156              
0.02666  0.00587              
1000		0.01592
0.02988  0.53290              
0.01226  1.29898              
0.02195  0.72527              
0.03982  0.39980              
0.08163  0.19504              
10000		1.11718
1.01042  1.10566              
0.89386  1.24985              
0.90283  1.23742              
0.93868  1.19016              
1.29081  0.86549
100		0.00028
0.01511  0.01873              
0.02190  0.01292              
0.00940  0.03012              
0.01980  0.01430              
0.04078  0.00694              
1000		0.01755
0.07242  0.24239              
0.02917  0.60185              
0.04316  0.40670              
0.06598  0.26604              
0.14376  0.12211              
10000		1.90007
1.39888  1.35828              
1.16031  1.63755              
0.94678  2.00687              
1.23936  1.53310              
1.53483  1.23797              
100		0.00019
0.00936  0.02048              
0.00337  0.05682              
0.00744  0.02576              
0.01552  0.01235              
0.04135  0.00464              
1000		0.01579
0.02878  0.54854              
0.02144  0.73625              
0.03046  0.51827              
0.06656  0.23720              
0.09355  0.16877              
10000		1.26445
1.28340  0.98524              
1.09831  1.15127              
0.89143  1.41845              
0.92221  1.37111              
1.08121  1.16947              
100		0.00015
0.00975  0.01569              
0.00330  0.04644              
0.00697  0.02196              
0.01368  0.01119              
0.02770  0.00553              
1000		0.01622
0.03405  0.47622              
0.01721  0.94216              
0.02325  0.69764              
0.03839  0.42247              
0.07845  0.20672              
10000		1.12733
1.27367  0.88510              
1.12061  1.00600              
0.88851  1.26879              
0.93198  1.20961              
1.06109  1.06243              
100		0.00017
0.01167  0.01469              
0.02886  0.49842              
1.01143  1.20791              
0.01021  0.01493              
0.00332  0.04590              
0.00623  0.02446              
0.01106  0.01378              
0.02417  0.00630              
1000		0.01577
0.03391  0.46503              
0.01125  1.40206              
0.02096  0.75221              
0.03618  0.43584              
0.07734  0.20389              
10000		1.18050
1.01780  1.15985              
0.88575  1.33278
100		0.00019
0.00852  0.02241              
0.00523  0.03649              
0.01466  0.01303              
0.03193  0.00598              
0.03747  0.00510              
1000		0.01738
0.04268  0.40733              
0.04372  0.39759              
0.07631  0.22782              
0.11721  0.14831              
0.11684  0.14878              
10000		1.39770
1.27677  1.09472              
1.11461  1.25398              
1.16658  1.19812              
0.94539  1.47844              
1.12332  1.24426              
100		0.00015
0.00969  0.01559              
0.00345  0.04384              
0.00648  0.02330              
0.01647  0.00917              
0.03294  0.00458              
1000		0.01582
0.02264  0.69895              
0.01739  0.91002              
0.03378  0.46831              
0.03916  0.40404              
0.06411  0.24679              
10000		1.14638
1.25872  0.91075              
1.09997  1.04219              
0.90077  1.27267              
0.90537  1.26621              
1.06720  1.07419              
100		0.00015
0.00869  0.01737              
0.00326  0.04631              
0.00647  0.02334              
0.01237  0.01221              
0.03020  0.00500              
1000		0.01834
0.02472  0.74190              
0.01680  1.09158              
0.02391  0.76688              
0.04699  0.39033              
0.06246  0.29364              
10000		1.14895
1.24292  0.92440              
1.09092  1.05319              
0.87729  1.30966              
0.91073  1.26156              
1.05122  1.09296              
100		0.00016
0.01006  0.01595              
0.02467  0.63403              
1.03791  1.11070              
0.01331  0.01196              
0.00303  0.05248              
0.00692  0.02300              
0.01293  0.01231              
0.02605  0.00611              
1000		0.01437
0.02892  0.49697              
0.02518  0.57083              
0.02135  0.67314              
0.03423  0.41986              
0.06372  0.22558              
10000		1.13095
0.99090  1.14134              
0.86161  1.31260              
0.85916  1.31635              
0.94690  1.19437              
1.10884  1.01994
100		0.00019
0.03779  0.00495              
0.01078  0.01734              
0.00833  0.02244              
0.01732  0.01079              
0.05801  0.00322              
1000		0.02077
0.02726  0.76186              
0.01993  1.04210              
0.02487  0.83538              
0.03961  0.52444              
0.07696  0.26990              
10000		1.94763
2.19745  0.88631              
1.15928  1.68004              
0.88522  2.20016              
0.94177  2.06806              
1.11209  1.75132              
100		0.00015
0.00879  0.01733              
0.00369  0.04135              
0.00963  0.01583              
0.01343  0.01135              
0.02873  0.00530              
1000		0.01506
0.02516  0.59870              
0.01682  0.89538              
0.02651  0.56826              
0.04911  0.30674              
0.06077  0.24787              
10000		1.12675
1.25964  0.89450              
1.09648  1.02760              
0.86343  1.30496              
0.89038  1.26547              
1.03361  1.09011              
100		0.00015
0.00826  0.01845              
0.00316  0.04828              
0.00663  0.02299              
0.01764  0.00864              
0.03019  0.00505              
1000		0.01603
0.02328  0.68851              
0.01716  0.93398              
0.02288  0.70044              
0.04519  0.35472              
0.06237  0.25700              
10000		1.09868
1.25075  0.87842
100		0.00019
0.01372  0.01362              
0.02012  0.00929              
0.01374  0.01360              
0.03153  0.00593              
0.03972  0.00471              
1000		0.01915
0.04825  0.39695              
0.02334  0.82049              
0.03671  0.52174              
0.12198  0.15702              
0.20021  0.09566              
10000		1.69227
1.54230  1.09724              
1.08150  1.56474              
0.88102  1.92080              
0.90728  1.86522              
1.07885  1.56858              
100		0.00017
0.01104  0.01497              
0.00275  0.06000              
0.00656  0.02518              
0.01308  0.01264              
0.02402  0.00688              
1000		0.01604
0.03049  0.52622              
0.01634  0.98217              
0.02286  0.70191              
0.03455  0.46432              
0.07101  0.22594              
10000		1.11423
1.41539  0.78722              
1.10453  1.00878              
0.87202  1.27775              
0.87578  1.27226              
1.03469  1.07688              
100		0.00015
0.01189  0.01281              
0.00317  0.04811              
0.00831  0.01833              
0.01370  0.01112              
0.02442  0.00624              
1000		0.01437
0.02321  0.61902              
0.01662  0.86446              
0.03369  0.42645              
0.03833  0.37479              
0.07653  0.18772              
10000		1.70765
1.44686  1.18025              
1.09534  1.55902              
0.87114  1.96025              
0.87377  1.95435              
1.04241  1.63817              
100		0.00019
0.00808  0.02363              
0.03063  0.46135              
0.98443  1.12433              
0.00823  0.02493              
0.00275  0.07456              
0.00518  0.03963              
0.01161  0.01768              
0.02319  0.00885              
1000		0.01494
0.03303  0.45225              
0.01221  1.22298              
0.02009  0.74333              
0.03366  0.44380              
0.06643  0.22483              
10000		1.11229
0.97623  1.13937              
0.85119  1.30674              
0.85377  1.30279              
0.91292  1.21838              
1.09979  1.01136
100		0.00018
0.00257  0.07073              
0.00745  0.02437              
0.00812  0.02236              
0.02344  0.00774              
0.03666  0.00495              
1000		0.01690
0.03995  0.42306              
0.02654  0.63695              
0.03663  0.46144              
0.06671  0.25337              
0.06928  0.24398              
10000		1.38017
1.25987  1.09548              
1.09469  1.26079              
0.87581  1.57588              
0.93004  1.48400              
1.44442  0.95552              
100000		116.29646
135.25825  0.85981              
104.07352  1.11745              
83.66331  1.39005              
83.76951  1.38829              
82.53134  1.40912              
100		0.00016
0.05186  0.00304              
0.00328  0.04810              
0.01203  0.01312              
0.01450  0.01088              
0.02937  0.00537              
1000		0.01520
0.03544  0.42899              
0.02471  0.61526              
0.02696  0.56400              
0.04283  0.35499              
0.07998  0.19009              
10000		1.50394
1.37495  1.09381              
1.08406  1.38732              
0.88935  1.69105              
0.89845  1.67392              
1.05949  1.41949              
100000		117.72778
135.15137  0.87108              
114.13126  1.03151              
88.39842  1.33179              
75.36743  1.56205              
78.69274  1.49604              
100		0.00017
0.01022  0.01630              
0.00358  0.04656              
0.00853  0.01954              
0.01911  0.00872              
0.02629  0.00634              
1000		0.01387
0.02333  0.59437              
0.01670  0.83065              
0.03157  0.43932              
0.03647  0.38033              
0.07672  0.18077              
10000		1.14308
1.27140  0.89907              
1.09894  1.04017              
0.90704  1.26023              
0.90782  1.25915              
1.04128  1.09777              
100000		109.67927
132.71110  0.82645              
105.34452  1.04115              
87.04248  1.26007              
80.51594  1.36221              
79.23017  1.38431              
100		0.00011
0.00721  0.01540              
0.02183  0.68649              
0.88464  1.28621              
97.20146  1.18127              
0.02002  0.00748              
0.00362  0.04132              
0.00651  0.02300              
0.01341  0.01116              
0.02851  0.00525              
1000		0.01336
0.03243  0.41199              
0.02418  0.55255              
0.02222  0.60115              
0.03910  0.34171              
0.08543  0.15637              
10000		1.36818
1.07667  1.27076              
0.88464  1.54660              
0.87017  1.57231              
0.98914  1.38320              
1.19615  1.14382              
100000		115.53675
94.42747  1.22355              
97.72001  1.18232              
90.79570  1.27249              
78.07474  1.47982              
74.81815  1.54423
100		0.00011
0.00229  0.04931              
0.00314  0.03605              
0.01858  0.00609              
0.01139  0.00993              
0.08900  0.00127              
1000		0.01286
0.02751  0.46748              
0.01898  0.67769              
0.02830  0.45449              
0.20459  0.06287              
0.14381  0.08944              
10000		1.53813
1.68934  0.91049              
0.97790  1.57289              
0.79274  1.94026              
0.81233  1.89348              
0.92131  1.66950
100		0.00019
0.00639  0.03042              
0.00225  0.08642              
0.00349  0.05573              
0.00801  0.02428              
0.01477  0.01316              
1000		0.01766
0.03494  0.50550              
0.04217  0.41888              
0.04942  0.35740              
0.07045  0.25071              
0.09633  0.18336              
10000		1.43815
2.06142  0.69765              
1.56220  0.92059              
1.22636  1.17270              
1.24644  1.15380              
1.65775  0.86753
100		0.00012
0.00167  0.07099              
0.00219  0.05411              
0.00315  0.03759              
0.00518  0.02289              
0.01056  0.01122              
1000		0.01652
0.01883  0.87751              
0.01765  0.93629              
0.02384  0.69303              
0.03877  0.42614              
0.06839  0.24157              
10000		1.26870
1.75987  0.72090              
1.19004  1.06609
100		0.00026
0.00526  0.04857              
0.00234  0.10893              
0.00393  0.06501              
0.00879  0.02906              
0.01702  0.01500              
1000		0.01838
0.02569  0.71552              
0.02520  0.72956              
0.02790  0.65895              
0.04488  0.40962              
0.08681  0.21176              
10000		1.44755
1.83720  0.78791